10000
1949 20
24096 18968 82966 71256 98832 52845 2883 63589 5658 7767 96757 99572 99686 77607 75188 21318 29512 46254 41367 1416
4871 20
920 12492 79041 29616 52743 42134 10014 2030 11543 55914 58146 68337 17652 50357 83073 98377 18945 17164 66996 72701
8696 20
35619 45104 44776 86267 17085 89554 3876 87902 38304 24855 77630 82092 78115 2284 82577 94634 66416 42488 5076 65791
6550 19
94970 97138 10051 35700 31067 49892 65313 11530 97857 7958 93066 63103 12759 33058 80912 57286 85050 57527 16395
4705 17
37941 9691 19051 51664 92431 71928 26982 33664 24661 95102 66365 29112 15961 28939 58350 46654 27498
2297 17
32352 98491 19238 67018 61759 74118 54343 20451 72402 48161 5511 6718 42504 70960 26037 34902 44219
7327 17
97546 91198 10089 2444 91892 66385 50738 80916 62968 5377 72011 85856 7209 89861 69788 23059 56397
9772 16
45682 10161 77264 41179 10639 18994 71956 39849 1331 12919 34725 70656 95372 90925 20394 63725
8384 20
29310 76168 27699 71023 79781 90223 84313 24067 67329 15212 84933 67804 45614 54344 4986 37923 69826 34713 81966 89482
8617 14
27336 12078 70208 80572 65001 89450 56222 27070 53656 58113 96366 24555 73616 62826
3953 18
5704 78057 66720 51407 54495 88667 95826 11603 32155 95955 64015 64680 38261 15550 80813 28280 19290 8169
2610 20
1382 65479 61304 49113 77032 48043 39325 89240 66708 4174 7820 74761 25060 53356 30494 52297 11071 10458 48745 71113
53 11
19871 45897 2478 60488 1061 70968 67042 56156 61098 42293 27198
5724 19
83428 63547 24578 72830 21401 8025 43701 12844 3319 16663 13122 89956 53478 4331 91251 9003 93722 19536 64761
1634 15
75776 5282 2981 36241 90605 69902 34392 18305 15323 87092 24468 48779 774 57740 42058
8917 14
32911 3456 38007 42526 18745 65614 10177 14901 40941 61097 22365 60134 39083 6604
8149 10
16863 79950 87508 71560 59349 39297 11281 46288 42728 88199
3428 20
612 47401 28439 69864 36727 51354 44929 88298 49856 97430 49358 71379 56796 53296 25787 94797 87468 63123 39161 61709
6241 18
40462 36531 42960 25240 54471 21600 74814 40351 66575 48146 12416 61451 13562 66639 98014 31889 86442 88617
5523 19
74547 82572 20012 37009 89131 33580 80571 36834 40020 44354 48363 65454 67081 31078 64293 17531 95018 31675 18711
1864 14
30623 34568 78112 35086 80808 46864 18625 94551 54703 96511 52248 22717 43957 33943
8530 20
11503 81373 87719 5892 26138 53582 59089 88957 32631 2304 20859 16064 42760 19448 98024 99723 22968 96213 27044 82458
18 14
52395 75224 35169 98878 80302 64396 52255 56601 55842 73308 69057 29586 74997 74125
1760 10
5901 39132 49620 14830 22422 40929 58487 82880 46805 28953
8738 17
34438 20614 68221 1081 46844 42857 89237 2052 92795 33701 88550 485 69069 47390 10840 36519 41936
3938 12
83826 75092 43547 68684 20791 92820 70893 38662 16110 59885 37595 12180
6897 19
56907 95402 83304 28038 71074 14860 10856 3932 87937 54263 6564 43423 14925 48793 75602 16476 73295 54084 37550
9829 19
56041 83501 86822 88487 64120 77453 20136 75869 3990 47730 21391 97558 32779 67231 1070 11205 47315 51779 70861
2380 12
11146 42369 37395 29106 12664 65802 90457 11550 83028 6118 96137 75099
9255 14
80757 17705 54473 12490 14871 40739 1875 29485 19731 33025 69499 87929 10121 82545
650 14
88226 4701 26135 68353 59551 78483 50898 68345 60100 18275 44740 61008 33694 78383
198 13
36870 79943 3333 11316 19029 46140 9872 42091 40934 37953 86139 64023 38878
8728 18
71936 35203 33260 69082 65433 50050 87702 32405 56671 10134 74374 73194 74978 35881 72584 18116 81479 15654
4193 12
82470 16068 8596 51587 29869 52011 58278 97482 99564 34675 49397 24403
2359 15
9508 55889 14067 60259 78319 30503 98686 63497 83803 19053 20678 28632 12451 52615 85810
7989 14
22925 6800 31099 46874 12877 34694 46347 25304 39418 86559 92114 95793 33147 4181
4758 19
41803 61417 26076 4552 94218 63986 71749 2686 74497 91216 47525 54287 2051 92408 33654 24709 23928 99010 84347
8691 20
48126 46058 1012 33992 55052 80049 35565 87419 18437 15480 78477 20152 50247 78715 55714 29434 85175 15371 11153 59290
5134 15
91032 93992 97031 41345 78271 77120 73307 68890 41570 6727 98153 79664 97582 10421 62796
1045 20
17105 25087 20595 95978 77344 63622 90560 21886 41485 54028 20566 44114 43439 87873 56316 91949 29992 39892 38313 49560
7281 18
4425 53518 35664 83800 8971 33026 20628 12771 39968 64213 88047 87511 27077 15340 74003 3009 92440 26693
111 14
70445 1692 38153 55457 20320 15253 61427 1559 40466 79430 45472 8792 78382 97759
349 20
83215 64201 17897 92378 45706 49971 10212 55168 56492 71808 20469 87536 18167 97265 93253 39545 59352 73350 99807 34171
9566 10
52477 57624 65721 48216 76358 44518 60741 85657 3302 41865
627 20
74570 6016 49106 41993 94802 39432 20137 76493 13907 46427 61874 92874 60226 60962 18989 17668 47618 75802 52170 38799
9092 14
27133 70866 56179 39395 52279 14736 59636 33002 43902 83350 4727 61446 50047 14305
9447 20
38493 70663 38593 673 76262 410 89681 38320 34612 76725 33653 90735 98621 61857 42871 20351 83518 38150 14339 63821
7305 11
23444 89141 17735 27769 569 31000 71052 41276 95997 16103 80227
7491 18
32661 60681 24104 14389 29611 21049 39743 67568 89044 70505 75423 25513 39338 6316 43424 48935 8221 69142
1161 11
41509 24904 17614 57095 31630 50715 45754 83258 35684 47289 6615
8791 19
77912 7524 86695 7772 91907 68515 10195 70762 32205 58323 55805 40812 99958 73654 5851 95022 67079 27407 89708
122 10
89613 22078 37843 98090 47800 78834 12344 70053 13385 55902
2006 13
94498 96323 16873 36998 3964 20664 88446 79411 27157 42790 96719 75657 42447
6871 20
40071 599 47629 87851 67662 31515 12282 59306 42836 75548 36149 80127 74615 74736 16615 59246 66013 21581 39044 13601
2346 11
90784 3616 22001 38852 62638 23022 5214 75265 33916 90132 2355
8490 14
12447 70466 48919 72199 50163 75442 52199 82276 6067 6575 74268 5462 1738 11887
8279 11
63029 73237 11213 96414 98543 32039 43322 79437 63624 82502 24737
1023 14
9084 94739 10828 85591 97098 27354 97587 89160 61112 55186 83452 99039 43370 30515
661 20
48941 87312 32402 83190 46618 77606 50977 25973 15297 26557 49350 31489 55860 41272 44823 15973 86001 9112 5110 66405
5771 19
86501 33122 1209 28069 24242 99914 72219 64988 59863 66534 3612 93974 75809 79899 54432 93188 49265 33987 61655
2882 12
16292 6626 34082 78934 24478 34255 48828 54090 7897 83698 130 65860
7819 20
47416 71839 45905 88097 42215 89224 58796 8183 21414 86747 20549 60221 53006 39170 32704 86604 1367 37514 85469 58040
6754 12
48874 16462 73946 69574 57188 6136 64971 54195 47046 9716 60674 38055
8887 18
19827 12560 89506 96383 42539 41297 74971 45450 67211 80223 73556 63045 69321 26988 19482 50060 87881 6956
8181 19
82963 39996 15098 76450 45999 80560 83126 49564 56979 34337 7259 52171 23141 74272 59532 29408 37489 56597 40430
6644 20
89990 62465 5281 47332 52990 87633 79918 60249 35676 34217 91504 2164 10816 32722 59710 43182 39066 67532 73905 34688
9128 17
26264 20291 77778 14032 6199 22056 76510 59735 41170 48531 56152 90595 43449 6763 88368 76763 66290
4460 17
76084 82131 56836 43208 51201 95798 36327 54694 35789 42973 12804 69675 21702 98425 25169 8319 96436
2732 14
98643 96872 34513 60437 17453 48868 58308 55683 61549 12612 45352 30026 16158 32601
8758 16
13373 66675 45583 57507 17985 18403 74958 51760 95727 5445 88026 60299 49244 24925 68057 36492
5348 18
2519 30289 22038 37958 21795 43951 27669 16521 30371 60666 44592 63951 6144 42335 75228 92159 70428 9820
177 17
56212 95196 74013 79625 32108 58466 68856 24856 38787 859 58838 63728 41033 86060 56541 45612 722
9927 12
15046 62049 62499 74206 79480 25242 30544 6861 6495 87095 75180 79254
1549 11
52239 47431 78457 39536 92602 36648 5245 52007 61854 98461 25013
7791 18
23942 27113 54133 35109 83007 41427 75810 87331 49959 81321 87958 48237 26638 84014 32187 91641 81874 93181
7984 19
44930 27980 57104 6981 7690 38861 57279 91557 40900 55615 78896 88120 97991 96995 83098 98660 59248 60574 56008
7358 19
8226 41726 81897 46729 65508 65619 36550 63957 45114 59605 34271 81543 47834 46203 30585 67570 34122 51487 88944
806 13
68168 71891 61355 43442 81762 91541 93536 43249 77280 59283 25022 2074 82846
4074 20
2184 22232 75565 60749 95481 92803 66165 33235 7282 15039 47160 87003 95431 39999 40629 87243 71391 99133 31062 87114
5804 17
94485 99751 90819 91571 51893 4467 68128 41712 8105 22763 48473 62136 8102 62289 5917 30618 34521
1004 12
87426 7509 2399 71234 62479 24346 19231 71759 40950 77426 99535 70011
9855 20
60258 74200 83257 45533 55738 34698 84226 89198 14014 94033 64392 21342 79077 31629 2999 56073 18568 51479 24583 69233
5020 12
72364 56306 61717 28296 24078 84053 23908 97385 71679 34753 70976 11335
416 17
27052 96196 71411 80870 58698 61397 57140 78548 10280 82929 19674 84065 97542 348 1508 34561 85782
7709 18
99195 24499 69407 9816 71892 58854 6194 78733 23021 56021 67654 91415 53259 88615 70512 80735 37972 17174
4059 10
95569 62569 88056 12229 19054 3166 23918 50230 86716 36425
2863 9
58684 99870 11046 70638 855 51663 30562 19056 72313
1349 19
28366 22375 94002 45850 11511 19353 74174 82237 75381 17539 56202 42110 32056 50069 8164 86640 63894 44508 75694
479 12
65438 31568 15780 13011 90023 95650 77731 9176 95716 4191 98692 15992
5339 19
74857 8649 63380 97317 93773 61805 72427 57668 56296 82022 11166 58639 40789 57166 68007 42866 21895 58878 12125
3679 17
43919 30290 53944 77953 73279 33897 32628 49586 15648 91484 54193 20209 39446 8895 23169 73820 64846
5311 18
88308 47594 27 73422 85283 52285 82953 37385 75001 71301 41168 81510 56186 66267 5980 26765 40337 31674
1653 18
37098 38343 94606 23427 57035 29400 96842 94978 91818 93600 28095 28629 53375 28621 32573 13447 98634 85842
8005 19
66483 43568 69565 63014 54867 7518 80374 38757 58998 22715 2171 98798 11769 59779 50403 63729 75201 44049 71358
1800 12
62554 51532 24025 29997 39404 31341 97417 88329 62440 75484 37546 81760
1559 13
48838 83093 90715 51878 52328 13735 44809 57844 91615 49428 21448 94008 32310
6063 20
54575 67622 67848 78200 9552 95598 41516 96428 79788 1266 85987 48962 51504 36058 66962 28199 5828 91877 9218 50947
587 12
95174 14665 73207 55872 43069 53810 56129 5159 79343 80208 89899 9451
2754 17
98693 4700 71756 52108 65435 63882 64367 86571 64840 60594 64036 51675 69218 81834 65303 35310 47424
4138 19
7028 92204 45568 17444 74424 68663 55497 97831 57207 16048 41421 45495 34073 96595 37046 67693 59332 57000 6958
6338 18
99700 12190 60792 87196 95615 14542 90076 24605 84191 50679 68607 73241 28228 45550 97460 85867 3993 87956
6636 15
42641 997 71874 5454 54092 97223 34089 1816 60066 95361 75695 47875 47982 88953 32592
1737 18
11483 75184 75599 7055 24216 38352 41108 1912 35667 75169 18610 63090 10209 39513 96574 74518 28258 7610
1448 14
89811 53233 91418 45379 95566 14370 97191 46160 88725 92889 88507 45990 61385 52876
5707 18
77110 55450 94206 85162 73003 64178 76052 46879 82908 45800 24447 88993 1421 29307 52522 69918 49598 10591
5263 17
73291 34601 15260 64389 38744 35600 83457 36344 21385 805 41725 37405 63602 32725 78398 27573 90365
6979 19
89839 41474 32591 40294 57859 71799 71246 93347 41412 21211 30325 25493 15498 8991 43631 3425 18600 22906 76206
2394 19
47576 34607 94214 40639 96142 36757 83514 1998 63799 25967 43263 95029 73569 6758 20575 12871 36193 9796 29201
2415 15
17257 74055 95638 94287 27490 83554 4557 80257 17962 42484 53402 36089 45738 86608 46548
5065 19
32542 28614 40458 9950 71471 311 6870 20130 3096 69453 75917 99038 63892 77520 71880 28703 62380 89812 99758
2044 20
29958 39554 69029 71861 27066 89068 25945 63471 64546 92294 79761 7230 69976 59429 90947 34336 2766 73699 63723 84863
6441 16
69323 30909 78139 89384 5683 2647 32392 48752 68267 9868 88836 85948 74361 34475 25434 72742
1283 17
78912 89194 18163 65797 29280 99157 21454 30634 38825 18667 43971 61184 34956 96458 87663 50561 9751
1356 19
83283 52190 15920 73445 49706 77787 89796 40507 61543 74453 1718 98328 70779 66975 63860 57786 7850 74656 13975
6202 14
35878 47571 3489 73534 70036 69527 37978 87037 92835 18657 81666 32439 26051 88430
115 10
76397 58775 15264 96238 44635 99249 50746 55235 5443 60419
8226 18
55921 97687 63151 39877 1389 80110 32452 91670 94548 39729 67199 23282 89734 64000 62583 32778 42020 1636
8124 19
24203 92010 91445 60124 17381 43674 16017 73964 63901 96909 47515 64953 77569 20796 74777 9262 42355 69653 93906
751 18
51453 15151 91075 275 29854 5449 33695 18471 15535 59538 92605 74094 70627 59492 94239 41058 65399 15713
4592 16
22756 11984 50130 2737 67041 94241 7033 56565 66520 32609 62166 73461 71248 22769 99838 128
9985 19
5474 86708 18118 352 81477 35989 4521 95315 81469 46976 43277 39791 57997 13262 94829 27065 44342 31641 71651
9053 16
40703 71014 5886 1638 87880 16455 62941 99762 85879 60614 5280 47051 76721 89802 55265 22199
555 16
28172 79265 57518 37310 22635 29340 29929 67932 11256 35007 81758 83947 13054 26049 52206 52560
1348 17
19371 53262 13098 39422 90465 58518 6111 27379 41574 65834 10838 56091 90943 73329 9142 55706 81953
7511 14
16503 31358 7833 33910 61640 75046 76480 59683 60278 56141 8434 86698 71537 77109
6213 17
63457 77424 10865 13393 29136 94635 72552 46054 82724 63817 51875 9811 29045 95472 58212 40932 82901
5023 18
71227 57179 42712 75447 66078 8667 54788 85676 13803 72850 31201 82184 73933 50887 5825 90649 87136 44869
7075 18
26973 99835 92121 86304 80133 37195 2387 66289 27107 91201 71055 29624 88983 17920 52111 92755 69741 753
7368 10
56298 83691 14375 91433 40763 15296 10925 11093 18208 67270
9294 19
42080 72711 16973 96726 23597 68640 97076 42870 89243 7009 57516 37909 747 37479 48181 54341 87581 33522 57295
8050 17
68239 93694 18693 42059 37194 39647 50751 70363 63540 12728 813 24179 36105 88971 63265 3975 78373
3546 10
83879 46983 76616 55898 55536 92353 84271 46114 29226 46370
7201 19
75421 1870 46664 33173 97303 98275 95419 7886 71207 2668 71365 81726 17893 5891 54759 23777 22662 76802 38846
7021 16
8126 69638 66024 19902 71524 34954 71094 39880 15673 84776 65056 14586 93967 58903 78444 86633
2737 18
1780 35484 13839 78710 64827 77444 43703 40330 3905 46156 80130 33748 31512 9560 3325 25708 87118 78758
7841 19
53855 51679 13603 47100 18316 24318 59880 91832 29602 29245 38953 73346 48987 34294 17413 32406 72893 40280 92195
752 17
30917 12133 28446 16350 55619 93744 18064 61302 70551 31700 72792 39254 94303 81483 26416 43031 91548
7104 18
6640 86511 88759 92978 52594 14464 11303 87687 54403 2984 50761 80549 31313 13281 61556 72320 71194 26014
4924 18
92541 59614 93078 48782 56151 13354 87012 66749 44645 21951 44115 66609 99110 59889 33792 71417 66797 6532
9918 10
63551 71772 47523 14457 27484 83949 61821 79933 49584 31825
1296 11
80466 19174 88340 88752 28937 9005 26826 95303 84642 45191 95991
2595 20
68600 24051 74434 65394 6211 14294 53077 47277 7402 43589 89403 20237 37988 99774 85163 21527 32210 58789 56102 4574
2939 19
15294 83578 71221 60020 34818 48044 49061 44832 86735 92297 94255 58811 21792 20079 38351 45175 11719 82135 43139
2144 12
7776 62673 39234 65933 40437 18220 2623 37470 36485 59023 83373 8888
2143 12
15678 17145 18889 34395 67372 79592 87144 21511 28330 86761 98833 21501
5853 17
45690 74745 69503 15189 86337 95766 35992 74376 46472 40237 98161 7334 52055 26098 78738 71022 51319
4112 17
572 27645 65305 35584 7423 49884 67144 30218 88453 95395 72854 20577 8516 8967 68058 46917 13957
9647 19
6639 93830 20992 36874 77077 22523 36307 29392 69201 25354 15121 35547 14951 3723 46419 25514 24037 95318 47109
2652 16
63502 48851 9734 65446 65701 15734 46407 67212 89908 63606 81516 91425 44178 31093 76209 22805
6588 20
60125 88210 19537 75995 48982 50826 49067 50809 7618 42352 66794 98341 1988 82960 38766 2159 75758 47631 37636 36766
6253 19
51545 43682 10342 66108 98355 77863 34810 71436 81202 51490 43797 83025 25956 9713 56995 98882 51496 1822 96307
6976 20
81336 89056 92586 97336 11231 2163 56081 92699 97119 69510 89120 74902 32712 66507 34239 26150 60936 80822 64849 33516
399 11
5660 36203 59660 55849 58319 86560 72616 44405 92949 16700 83483
5064 16
58186 1436 904 23729 76181 45071 36767 31266 55912 84578 92927 43448 51920 57941 56560 65751
8283 17
21288 75797 34666 69572 52552 81890 94482 96375 29584 93762 84177 91275 77395 778 93624 75951 13885
3525 18
60690 22992 53202 39839 33222 88124 26248 28338 90138 9648 72796 5122 89782 54655 97816 80204 11729 99793
3124 14
99244 31431 99456 1683 57835 79809 42065 11593 4303 89360 88888 45851 24803 7441
6977 17
66128 32183 70449 71114 50143 34286 75975 32393 26326 17293 1942 99975 97203 16614 48057 70124 99006
29 18
93750 80532 77682 66311 68449 12708 33042 69361 80009 55674 33336 68691 77350 99675 97733 50056 23600 69534
6997 16
89931 98688 78792 5905 19589 40161 29304 15745 17992 87668 28159 789 87233 72751 15852 66150
6129 9
76567 10774 18743 21030 85677 14224 43174 60913 95606
7833 20
48921 80729 81100 15040 75439 28263 13413 27970 6455 13335 25955 76171 17284 55296 951 65603 77924 82706 28929 96292
1201 20
78818 16196 58677 48464 28933 91106 33588 99331 63192 4850 34078 8851 93111 8585 6471 84256 26759 66837 33482 99899
6772 13
95671 19919 86445 24112 75938 62509 23500 45113 88834 90050 95512 46842 68161
220 18
80199 58268 37332 69313 53737 15813 42679 16920 19587 51537 17440 92984 90127 48577 79410 27476 33342 18369
2830 19
73779 43765 27169 2816 85802 50999 24754 93477 11521 52506 81508 66058 69904 17347 2023 22923 62515 3571 65030
7078 18
6535 33797 18627 83541 64421 29359 2187 26141 51012 73397 74044 43578 94088 37913 13571 61642 64525 65959
2943 20
89074 42824 10040 34734 14627 36728 35038 19155 56395 38998 44522 11954 4916 61497 68429 56722 68857 48077 8051 90985
2541 18
23352 96147 57554 79040 25662 73929 12444 32094 41831 12038 54239 98796 43459 29965 19302 59039 14967 5197
6313 12
93797 31659 43265 78987 82829 28797 67578 11942 40845 71033 55835 87162
7308 16
10896 21713 75913 48460 67249 11678 56598 78871 24598 24479 38808 97823 29482 31752 54440 40867
7839 19
53652 80364 56161 24635 33866 99122 60653 74508 26812 94038 16484 25222 33645 66130 4628 13704 25682 99997 67734
8505 19
51950 91543 75626 82264 70781 63958 99498 40259 80284 10869 86182 35399 62215 4848 44883 68405 68816 53693 64527
7731 18
74564 70586 71930 54980 31608 22107 6507 32855 36559 30295 4279 72130 52336 19993 53230 3217 89097 63158
8795 17
47816 36151 89427 30617 31898 51607 7588 75616 72714 7515 35653 81608 33606 24629 34827 20115 19282
2942 14
98932 81564 73004 90045 69898 19722 39100 23015 82493 25245 86813 6497 54930 5417
5851 20
8445 79965 3982 23556 21720 87530 56563 30381 12513 17291 95728 45502 85653 3163 21555 35601 99002 21719 50129 16980
4717 18
56201 65413 2654 29078 36568 51880 86264 68665 67252 43891 61195 61563 81351 28190 26828 49956 12998 79767
5172 19
51447 57499 4624 78612 52269 6742 17102 52564 57587 40985 22553 863 71104 45727 8430 24432 67828 5955 32583
4439 17
6785 40174 54368 72389 91600 10386 75771 75100 39744 13903 11204 24579 65954 42593 99588 30114 9881
2631 20
28844 95646 53154 27196 41551 48846 91910 65968 46628 98470 51443 72913 92325 86463 39248 49839 63405 11334 72613 30747
9847 20
40102 53569 49572 25360 83320 76930 96190 11764 81346 98774 83562 67470 90236 51583 34886 42249 31148 86436 37905 85170
5219 15
22188 22397 30980 48243 90846 11650 65749 94762 15058 27426 2318 89641 50308 86054 68110
1478 18
29736 81910 56764 95287 31959 59763 21990 16091 11030 70272 40915 94114 99281 44076 3165 94760 16541 88154
1351 11
89302 21165 47154 31055 36187 28930 19843 91501 59813 2942 36129
9367 15
49908 90301 10106 32324 43507 82428 36361 49525 23025 31744 69960 94991 55924 65640 19891
4277 16
1840 87780 43436 34590 50526 21120 59812 76239 41002 93834 43504 46843 76576 99806 88908 15890
9316 15
5807 70147 99852 47309 82906 37623 47249 75727 83085 33100 78016 42636 19434 85069 23358
9027 14
80014 57018 65839 672 33279 66363 7339 7881 32154 87363 96865 58873 65327 16771
906 11
60103 51287 44052 11604 24241 36627 87150 2770 75208 73612 46263
6342 18
92024 83420 56610 14438 78035 17891 21926 72245 32670 7859 54197 66637 69395 9810 92418 82294 55491 15146
5687 16
57895 80350 56915 24711 77519 93903 11163 16767 99532 26971 12006 1309 71188 20019 40386 82885
1427 11
16915 98986 40047 8827 56741 82504 7576 36020 86916 75006 87619
6112 19
21317 87586 57834 95722 96465 1051 40142 54018 78666 6901 47382 13248 31668 61716 27539 86659 95625 93072 71160
5912 16
58401 15943 77245 7871 88435 63121 99381 14229 56772 17694 36075 35156 13665 55233 96622 4145
6185 18
43886 10957 64503 26521 88182 94908 13777 85140 80553 39140 75533 1550 81670 50605 53631 4259 92901 49168
165 19
70232 77458 56855 28355 37089 6338 82111 76135 81958 78600 57068 71402 78531 77356 91426 51720 33518 88798 29967
4535 18
77091 28322 69520 66425 25667 36600 7516 58582 4879 96236 81877 60973 23752 57008 17603 59703 30949 28816
6783 13
79679 38845 16383 95095 33737 2324 57165 44717 67583 48392 51427 16770 82698
4589 17
15019 60847 25544 63137 69690 7474 16290 96657 57543 85547 13094 68905 21652 37167 42443 35659 65364
1133 19
89093 48670 67618 35861 41188 21741 20708 87020 41625 20269 4635 80544 23940 6023 84375 23045 24559 22869 28103
3854 18
2245 69562 55034 6534 36681 23466 80787 84046 23882 76913 94929 20817 92790 32246 28893 28622 27739 34562
5006 20
54408 54828 50106 68314 43268 21514 30427 91079 53649 6050 25614 12938 18289 57867 64415 76702 46101 95257 35815 39830
2919 17
66105 2194 92778 54171 36953 45296 26334 37464 22402 832 36354 22673 86866 41339 35907 43217 43173
4330 11
96715 71274 72368 96206 60050 2290 80442 97836 87042 6287 52496
8408 19
9756 16222 31076 23569 13455 63077 27938 35896 40222 47632 3312 82975 23584 5279 4098 69966 37821 22006 46750
7786 18
17896 28405 35502 53760 15505 38905 39415 79747 49193 95619 54098 25158 1248 58615 76788 98713 41312 30416
2664 19
52093 54995 84514 69525 70202 65434 57718 47150 73448 47589 80596 57976 96111 31295 73485 91693 60287 30059 39531
4637 19
63609 28299 26142 46712 95262 16353 59528 50684 78679 72198 48895 36055 96659 67409 54237 89342 58115 89102 20123
9218 11
71906 23172 41448 8590 70639 27311 24201 68963 35538 89612 50339
5555 16
43114 41617 26780 15588 5128 48511 40617 72557 77368 44824 52666 43089 53231 21604 3773 88406
2110 14
24868 61289 1347 39568 34012 21009 59501 33033 89707 86964 76856 26358 51188 91268
6953 15
4460 44169 71259 40597 2391 45821 54548 6931 67642 46259 29728 66523 84887 52169 46501
9692 17
991 12574 90107 94674 59362 89000 4046 53196 17138 49181 6893 38246 70740 10196 45235 44492 95232
9097 16
9902 9544 68480 96626 79677 98423 66826 95707 3683 69480 94747 3785 16676 70185 19818 85560
3454 19
61351 98346 52330 32422 4898 19304 7321 79703 31384 65309 65984 65362 84783 19732 34871 9148 65778 55062 68136
8449 14
14558 20646 45138 28274 80146 39740 8130 1067 63841 79160 6551 88496 150 18333
2097 16
71974 13950 4479 36914 56512 59220 99396 58614 95184 70408 55915 30639 19472 72902 35119 84576
8285 13
57228 15191 77979 45320 34260 72167 80043 3807 13554 21592 93030 96181 51240
6416 19
92349 45119 10158 52550 57172 15413 5425 10699 20964 99308 16620 31915 66830 95684 56390 81253 47968 90005 74318
7438 20
92491 76815 43162 1137 35463 42865 51686 50938 85581 86426 68645 50115 74677 29776 82920 7093 59314 89848 39760 60101
6464 18
78557 73781 58880 71231 73743 49221 42483 37271 70117 7568 84763 66338 51166 88610 42093 7421 19163 8972
7197 19
33752 79354 40527 45087 9789 70548 60373 57881 37221 35493 57825 50884 22905 29183 47711 32052 85002 23852 17486
6115 19
63877 83165 74708 46716 63246 1292 68866 8724 77082 28690 31377 25374 87223 30659 20120 15175 37543 61183 7852
9610 15
26024 15889 72458 10310 73708 51124 99410 59639 7226 82028 46899 81281 94445 8256 61799
3277 18
23432 19826 67204 68496 60395 39549 39314 30216 39191 18635 96648 94314 4816 32672 13431 18984 15674 29145
5551 20
2017 82686 16393 42531 49872 40140 25876 2528 46752 53504 96884 2612 12935 42489 29773 99068 69726 35382 61909 30948
5857 16
6504 40680 22716 72811 85184 94779 99699 7444 67607 86694 44471 65193 25390 58643 76320 32808
1401 19
21662 36831 18325 32087 99567 40839 88283 25313 59882 89744 35776 650 63603 33765 4430 85309 63672 77727 41249
6468 20
33024 70998 45359 52653 12308 38772 39842 6743 5418 29476 93445 60710 84678 2730 85490 43956 3664 15038 81275 68680
7956 16
23650 83790 34990 86621 25103 2365 19498 11082 59305 43098 99270 76310 39793 8361 89710 91358
5604 20
88745 9206 98615 83808 9978 26363 26512 42354 3229 21085 83291 89538 19539 63689 63423 74267 60539 98019 95456 75707
92 10
73669 87154 33545 20672 9131 37274 57354 42710 23932 76538
1764 19
47404 44025 65649 11406 54107 77315 20779 14379 64281 13065 56196 21325 56985 56758 12587 48550 14640 65781 12597
7193 18
57697 88975 59092 69087 45085 92266 69289 71752 85721 21857 59466 87526 81187 84847 82055 28134 39397 53826
9582 20
80930 79771 91380 49047 71517 84645 18295 65333 72460 62732 76051 38096 57117 15781 75325 82593 26027 72058 68781 25539
5294 20
87435 95852 78911 93228 78899 16698 77661 80627 98765 42723 24523 35912 28350 22848 93883 99504 14456 48438 22139 48322
1476 17
47921 36162 67602 57158 72019 80283 96318 81097 86219 75901 67690 71712 97603 1961 97715 19419 62389
9732 18
34279 70399 68587 25547 45457 46395 59657 91031 14832 27469 30621 23745 16150 21619 97489 97694 23923 50564
1432 15
44014 43667 71266 696 74840 39239 92158 63003 84417 35888 4996 39998 26297 67751 1554
7175 12
66907 75263 28784 39305 23413 28230 17709 96386 68888 4082 14897 55577
462 15
11995 88288 65678 36094 36722 92412 12322 82077 31505 72407 29109 84319 76817 73681 45164
7630 15
2334 70287 37838 23548 58172 82939 86198 64382 60555 92006 1471 79061 20506 7311 47513
4386 20
55589 76411 81146 63486 27770 25605 55159 51559 8144 74910 53983 20278 58984 1441 41768 41057 51286 70149 2757 50686
6760 18
58782 18940 39307 55649 84077 77028 92406 62767 98616 10514 85057 950 1126 76560 44692 65570 55458 52244
6446 20
26401 15900 97353 66792 68545 68205 46530 53448 69144 69387 36923 35735 27618 83774 98393 35871 99013 78839 10142 58291
8109 12
66840 10811 75268 5407 34450 42969 31540 23360 42782 59017 36052 52339
1668 19
80410 44718 9362 36335 24030 55783 58743 88494 67446 45921 46296 40392 71723 97548 21420 77215 17657 54122 77181
5569 12
64850 34230 84254 59384 3796 62797 42224 9565 17805 83966 1429 49204
3612 10
12164 75570 74097 94125 16598 22854 26970 15834 60652 25134
3216 10
81216 74598 74588 20333 21563 14944 79179 9436 72361 66583
5091 17
12683 88734 69124 8330 79615 89906 31388 10382 44496 25414 38037 57384 28866 21570 39856 28304 65945
5635 18
71504 43377 86870 58156 54205 61221 25642 60210 72732 32143 57236 21248 13394 85062 37473 76916 50090 23086
8981 10
73258 36381 15079 52999 53912 87611 11981 89217 68881 92873
9487 19
24335 64606 42850 62805 32525 32426 98040 76083 26750 6038 75819 54543 30970 32950 2958 75389 35812 72923 9282
2901 19
21422 6452 19814 20707 25691 32616 55482 94766 67673 12040 88634 58807 13741 34002 32970 85111 16397 71126 55760
414 19
58203 57632 134 4391 35170 30257 13209 3857 11876 12491 43849 47195 82540 55000 67594 72431 78367 75477 61099
8409 16
82810 70955 19868 16772 56398 36205 10599 64630 30021 69191 38887 98392 38604 65606 59291 86197
9100 15
40503 79050 41747 67500 72373 1905 11852 53450 58793 26345 14179 24333 48829 6610 28665
2312 16
13823 98469 91794 81542 59775 68329 28085 36522 85350 71048 13730 49408 57537 96364 94581 52696
5287 20
25182 28737 85930 45300 80276 27536 3206 10141 84768 69034 3028 70320 7137 74984 74627 8987 25386 61540 6389 78017
180 20
22770 56086 52970 71005 98128 862 79716 3243 20863 72660 75870 84541 97815 53633 57753 65750 31588 87213 35394 54866
2651 17
87520 40436 7277 69343 6709 84919 33345 15485 51735 90615 34930 303 66504 87639 35995 98402 89695
417 19
1989 6910 94957 53611 54617 35858 15324 96586 66048 10368 24763 99685 93582 60189 47041 23860 42052 67351 95889
3169 20
81404 68833 21488 88523 47381 91815 27517 50325 39686 21040 45464 14258 55535 32833 61712 27591 28600 83548 51699 97013
8839 18
73517 13780 11548 81713 62467 17418 61444 25692 80409 4964 15830 66404 30601 79479 48420 24954 25978 76776
6910 20
1819 1461 29866 84035 24360 92039 34096 77514 68231 29904 15916 59656 83844 15432 42546 74100 30148 79901 72794 10629
2339 17
95783 84827 69216 65811 86162 55998 93801 48621 82212 88562 13989 73062 98479 16402 31604 63521 676
5345 19
860 89116 97852 15602 94530 98257 32964 24450 62392 72349 11138 17624 31374 36536 95436 90912 13629 30131 56301
2252 19
94128 20491 48674 68416 43402 5275 98399 61904 98116 45813 45591 37181 66032 14864 12246 28909 54837 75086 6297
5532 16
77124 9624 58431 75618 36759 45150 76154 64219 20449 84803 81458 4594 70554 56444 8841 99553
7582 19
37525 88057 33158 82778 1809 91952 74381 20934 48702 16226 47879 84906 57028 62470 21340 29878 47593 69696 77684
1195 13
9331 14934 67451 34 58034 12925 16525 81708 60713 65784 61163 99673 79555
3991 19
13418 76039 74394 60091 84748 965 19820 53412 20429 90156 47613 18276 14943 89303 14661 49440 63001 46311 59533
2426 15
62386 46011 29891 79815 47956 20121 83455 80268 32695 26876 57164 41980 15831 51424 36818
1307 18
46815 23465 40496 72959 33850 60016 52535 1529 77218 75297 48817 37105 24787 54991 76167 82495 30185 86902
8591 18
31632 10379 50910 84079 55863 31112 79328 4367 30074 78446 94483 64419 92938 60267 60237 2595 49613 58214
5272 17
37152 6228 26000 54677 14946 18631 83652 52185 49264 37339 38740 37519 79790 44610 8396 50995 82744
6215 18
17113 4949 29973 23386 11421 16553 94148 52762 4744 24129 2140 14576 56408 67089 94517 45216 49415 96662
6134 19
88845 8314 20223 28511 59575 15130 15983 16441 83989 46847 72197 54442 58272 21341 84770 53746 3 93362 17304
917 10
97211 85545 29121 38274 99771 3449 59516 44084 33126 60729
5654 18
58774 55252 49319 47669 3479 26060 89846 13720 26456 83268 59164 42559 80070 87670 3565 10907 8560 94010
1606 19
70957 22806 70198 14572 16695 443 89988 87052 82204 70712 74681 81083 60313 73298 5223 92791 93400 81745 95307
7010 13
3374 50049 76342 73618 32844 36326 84419 76992 6527 88013 33506 7866 9494
4713 20
7840 20958 42024 16018 72070 4500 47016 6256 15110 97498 15233 2430 70362 79089 18798 86903 344 55232 20393 76521
8046 20
19009 1801 53710 47686 67877 80588 70965 59572 93679 13731 35624 53756 23451 70753 48638 89532 9462 52846 51652 16932
4255 19
81866 86820 56287 86341 72649 86205 43634 64636 77860 30433 96564 67242 99761 82795 26711 80831 49819 63616 36939
5789 17
54566 87405 50132 13429 62416 347 78124 30447 69491 15119 16737 31614 89758 61402 34964 5401 97026
1557 17
3194 79620 23157 2858 11168 5566 64895 5543 85028 49134 8127 13668 60485 657 24504 69284 23294
3548 11
40089 7620 43615 85798 98495 18494 15037 49240 69461 72581 62046
7038 15
61179 99644 64379 87874 80352 22970 34793 74706 3068 11272 45102 70019 43484 16268 19777
6698 20
52944 76220 93865 48694 89391 78589 29418 14519 16542 70031 61763 48976 48503 90165 20552 78901 78305 78708 49808 57357
4275 19
46631 60857 63686 80892 86342 47970 99148 21220 70417 71821 2809 4338 32042 95189 86091 80800 93416 98905 92110
2590 18
59603 58315 54953 97615 34053 70859 83513 78111 45635 37688 5742 48875 24522 45069 66541 90452 42927 81087
1420 18
76512 27803 26410 18028 72371 28783 88102 74425 89894 11526 24206 24401 46426 80524 39276 82035 1597 84686
1424 19
35687 62620 5751 75603 74316 70030 18512 88092 60367 503 37377 82775 78366 75658 88949 88912 43196 32595 76808
2493 20
33551 79579 4729 43399 39918 33432 63953 32355 74389 48818 42085 15829 40108 95617 35806 8519 57871 76814 83473 58246
7995 17
76518 7514 78404 25285 77993 19974 95027 30852 72285 28990 47295 5768 64041 55364 74621 38128 96627
7901 19
10970 29395 83517 26579 58602 29644 57830 51089 57998 2992 46423 83308 99186 18318 80845 88339 16893 72008 88594
6152 14
28053 5991 71306 14160 6747 94538 6315 3713 75597 71362 23049 16806 24180 33034
6235 19
54675 98310 2510 89751 51514 33564 21213 14188 27975 20599 23126 10813 67868 16201 74048 89434 85956 44347 43368
1109 10
29735 70282 78813 65141 25962 74628 83089 14698 61713 38329
8677 19
59762 61954 69066 98603 36527 63444 84362 95939 27075 87787 86212 5765 75934 11813 57476 65537 70719 55736 54100
1598 19
11607 13254 38763 51557 10902 64519 30557 38745 93254 9729 34493 79514 11831 76495 56326 3331 17390 57788 81280
8931 19
44975 46470 5681 56908 78860 19568 95780 30542 85129 9389 68618 14462 48430 99045 14270 73278 51296 64479 79669
2017 17
20243 5622 94563 97604 74179 75426 76967 3036 29367 17264 23740 62087 67785 57327 59125 8443 14595
2269 20
13151 68373 36013 77141 83406 54550 7341 37632 27432 25367 24443 96431 16400 77337 54049 48995 21349 79711 60244 96225
3177 20
11779 77499 35387 42259 53291 8418 41280 3463 95748 36917 47795 72611 87898 3862 20571 70659 95194 6937 22071 61995
1364 20
46785 61473 9703 53457 22118 67215 6637 5480 50191 16602 35016 83629 13278 36175 7442 78179 43337 18075 95115 31631
3993 15
47019 56292 58199 92861 21837 89549 63237 57768 4313 22861 80554 60365 50285 90129 43520
6025 17
15234 6027 69963 10318 83520 30227 22909 95640 59016 55115 73040 7756 60996 79770 57798 32999 22120
1561 18
30326 71237 38789 92091 25619 18027 58267 92126 9880 16710 37006 87458 53032 16984 90433 5669 37612 27889
7285 12
40018 63576 89313 26738 11089 73564 5389 69891 83724 81492 65547 24772
4556 17
32157 40510 57800 36222 87866 37414 43049 15115 45034 972 64985 74165 54089 33926 76785 91644 64604
1743 20
65475 29366 24269 20821 94296 50750 23621 23004 11480 12591 89597 50948 87627 76602 9692 68503 34912 12481 80002 24247
6960 14
6247 71899 54459 19748 10844 72698 99689 50433 14405 67911 82588 69862 36781 61486
4813 20
53605 80961 33887 79227 94508 92336 33141 80938 1619 4381 44893 81110 48889 56513 40613 80023 46409 61968 4925 70504
1542 19
48422 32276 43483 37154 57961 88883 41059 53326 91068 41041 50781 35572 23501 2698 74937 46442 86246 20852 25437
8407 17
73812 1674 32342 71975 35536 24530 49023 13322 58976 61032 43528 53003 90837 553 71533 36215 29682
9029 19
8174 21238 93249 14741 86492 90513 67385 73968 87109 15784 54927 15282 67865 15325 9474 63312 16128 76134 26710
7072 19
23190 95736 17708 39286 3659 96718 60880 95521 23931 52746 26289 80706 73842 28666 14344 90714 96889 97556 72820
7843 20
20265 17796 13585 31208 40070 5667 9698 99266 45791 15016 3970 75591 40884 44404 31352 74467 42817 77573 38684 9526
7407 16
71967 84012 99915 65910 88573 17054 56070 58136 75113 18397 5091 72956 90246 64217 46170 41471
3483 19
90279 42098 11010 87119 51336 82304 72828 94901 909 87024 94004 37523 30642 18848 91934 88637 38455 69536 1098
3837 17
77213 22974 98230 52789 9470 81538 27601 62685 1730 64520 91342 77605 89564 48163 64117 76390 25504
5202 18
18250 60356 31782 86155 19273 21096 65496 84690 58369 62898 97824 34541 24818 87187 84619 58381 70761 15311
1453 20
17714 25123 54983 15385 56190 28208 24651 38811 66733 39332 49749 74243 1339 59341 61255 12015 70749 68226 51412 22832
3245 12
16918 34803 16529 13640 17762 25424 44312 92454 53768 23154 38197 12848
3120 20
63599 45779 89957 86000 70284 807 99902 3756 72215 41195 54200 92494 80761 74725 82105 81665 75149 16260 95577 85769
4630 19
91356 7100 57171 43959 69243 368 84719 84525 66660 28823 79817 94786 7177 82768 29479 47610 72945 54033 67946
8390 19
32568 42303 48266 60519 49743 87760 1030 90866 56049 52167 83316 17788 27709 65036 18962 9561 93150 90497 44742
6370 20
33734 88380 46583 427 32239 37690 34253 18097 91160 32566 93433 94898 93870 3501 84683 48312 43840 60385 40362 25601
7512 19
26310 13473 74 35094 60390 32530 8122 90572 88722 64121 25400 64757 45226 2705 76456 76140 50160 93792 63912
5621 19
52140 32620 19098 7845 60026 4633 27127 12746 14822 59919 91081 45934 80098 78307 56717 34928 3209 28194 94534
4241 19
65406 22983 57750 63342 28901 11817 80956 62174 87208 32512 39604 94093 64581 69432 23074 72229 5812 16678 66206
1789 11
69302 77689 77289 20399 97752 84132 88868 30775 79708 20616 13792
4284 18
20698 72299 37144 79590 23103 39219 74488 33387 94524 79501 99442 4492 84059 55489 91306 76024 95026 40266
5390 18
1629 91957 41659 46059 96555 76674 98409 37734 9937 80485 5053 65140 61675 83944 32506 75021 41223 41258
3313 19
15087 29810 39101 21240 78315 27001 16056 55400 69247 61534 27145 76838 97791 29372 86764 13500 54001 15393 12670
3868 16
88866 35657 15235 78867 15483 8246 20585 93556 71860 77797 48204 36551 14853 79373 45565 38492
9530 19
78919 59229 30646 46332 27657 65930 70247 94433 71577 72234 84206 5518 83438 3263 71665 3782 91234 8645 18334
8260 13
8391 43255 81941 63560 47005 35133 92119 2337 83122 75316 3518 59725 87805
973 14
91042 56535 18062 83999 67173 94639 50798 92793 46139 6862 60779 92156 34780 64268
7219 17
30095 80035 10232 61498 83244 65577 8046 79025 99905 6933 52610 56374 81402 95844 76261 46688 10771
7360 9
11512 42389 26904 50678 48561 23450 99682 33085 93449
820 17
17999 52153 81969 83119 30251 60338 8452 54419 97361 27479 82097 26664 9376 44633 86250 44370 66360
3928 20
1040 11109 99984 79929 30902 32229 67684 81414 20790 98055 45529 94388 36372 15018 75480 76960 27612 41979 49155 88388
5030 20
36814 35724 8186 66633 1763 82133 53718 90423 10444 57136 30735 36144 52071 42899 99897 98456 19728 44278 63887 43874
2047 19
31450 16869 65400 85450 16253 81296 28650 75276 7932 37522 5708 956 80520 75223 44463 19298 94556 29083 10296
4139 19
37278 15677 4532 29502 99384 98735 54109 56378 66706 30583 22546 17427 31160 31040 81556 58217 49140 42697 88407
1065 19
77947 91882 87160 78289 73016 93966 56400 54970 9015 76483 33295 36080 88148 59899 39346 28543 50281 9836 95946
9221 19
76388 57012 19985 67088 26344 74554 24514 70487 25306 52725 29873 90500 83297 88825 86722 93774 8245 88738 84026
5057 18
98302 35107 51615 26128 52320 92737 91836 37004 20724 27485 37723 10394 30101 56288 69573 56493 54671 27927
3301 20
25109 89106 1990 31788 96993 19561 8738 16442 40547 4023 4947 38908 19556 92476 2972 87044 71697 17449 35755 70229
6836 20
43972 7098 43887 2475 46021 73748 76334 9803 34777 35649 16538 60963 11927 8810 13539 44567 63685 47880 20434 39964
7050 20
53270 13613 34199 40683 37230 11958 63853 85014 79055 21397 54619 37315 66657 45019 57452 39815 41269 35575 6540 84806
5002 11
31469 26815 79017 56284 79583 4951 10707 62072 18834 62394 74901
2868 16
97267 93229 13782 28241 26426 62894 50956 82584 77889 13959 58064 64559 74618 68021 16062 97707
4271 19
43577 24347 20987 26395 61454 18754 12340 34348 68113 48279 11583 44465 54256 86717 29450 71604 49633 28379 1111
2054 20
92636 91659 1710 6185 27668 44097 85047 64013 64706 45711 15150 57039 78222 78287 80293 59767 94677 2201 93387 38213
5107 9
26124 16207 99782 89436 71935 42282 90546 25261 74495
4433 19
64294 46541 94976 51203 51197 53097 68362 10802 54230 12864 84020 27731 43036 23365 63561 29276 19352 38711 66372
72 19
78903 86298 89314 46450 48253 91093 11162 4881 4102 54942 91784 59615 12452 17698 60433 38635 16099 63639 52737
3631 11
66266 86143 59251 30548 40965 90539 34949 12851 11774 64207 67343
4252 18
73224 19213 86957 72729 62340 26067 73659 92372 73169 87121 48475 58654 6511 28200 41155 69466 51077 34069
3340 17
89643 82696 96673 54815 23964 77225 8177 76201 37866 7453 31484 66710 34884 45755 46621 33191 1489
9242 19
49420 21470 74072 37102 78355 1941 54825 37862 89260 26479 52262 31590 10725 86748 42919 6430 33400 29313 3638
1229 12
79616 90096 42863 89893 11794 11142 52749 50904 8896 76472 79141 63469
3459 20
33307 1678 87515 77920 8575 57400 24874 17120 22522 25755 87562 75515 71217 55157 65964 10876 12206 53358 28136 97886
7259 15
28997 72463 70983 5724 14752 76191 32807 65832 25195 44513 28395 76989 40686 40291 28376
8093 17
89863 53286 34533 84931 1934 15847 3141 17236 5675 11320 97945 22993 46747 93112 39976 35669 18541
7218 19
75619 53763 17868 42873 41014 91340 46565 67526 32922 9385 10604 19101 45458 68180 21624 7404 49821 58235 88476
2904 10
19713 55723 27446 60058 54135 43181 31835 94923 42921 91335
1342 11
74766 19315 46270 67961 86196 6330 14075 88043 56297 34616 63941
2115 20
57393 56546 631 52372 56731 70698 30329 99970 67550 40196 44940 50089 82299 3811 72783 62652 36470 54155 99988 28285
976 20
25452 69105 89648 84913 20915 2565 61575 79713 78129 70061 27399 92649 96395 40726 7768 3121 3485 61758 1581 84408
1959 19
33065 66986 79779 37814 15504 37462 8816 30360 6488 65440 30904 26841 80465 40740 78377 22070 58849 2558 26926
7179 17
58721 36250 2258 68807 46987 41750 35544 38619 22200 37668 45570 53577 47013 95940 22705 59713 41291
7293 14
14667 70986 49312 39981 51647 3704 36429 49885 78972 14763 57054 73884 13465 44087
6236 19
95663 46152 89336 72514 26472 74537 37495 85494 43916 49075 71100 89773 67257 89011 6736 31748 23755 21997 97316
3944 10
31866 21773 39648 64848 31687 72868 71849 20268 340 45395
2643 19
72861 27112 92516 70175 14964 47531 46099 55530 38170 60587 47714 60965 31813 72542 16944 88998 571 19499 48641
7541 18
5324 19940 11479 13215 20145 52966 36106 83579 90316 38348 67202 86275 83095 39512 93685 89555 9812 36777
9277 19
1677 75269 26618 1404 17950 82049 76296 52765 24431 8730 95698 61344 85535 32901 69537 16941 98478 71851 4990
7040 20
61395 10448 63916 26840 81695 18632 20104 6429 68762 52031 40241 9114 51633 12011 19113 15896 95228 40704 36601 80914
1721 18
96680 1328 66601 97360 92021 12941 12706 26762 75648 9681 13436 1271 45900 29998 6368 979 46182 49144
4355 18
55999 62148 73320 57430 45052 87950 1478 7753 56024 50139 81916 51294 98644 28851 13807 62132 47254 60822
5053 19
59378 10965 47759 45636 95967 73720 19673 93125 97335 25811 93391 63193 11913 25989 37442 56682 39551 97862 59427
2075 18
24782 49072 84055 68423 92693 1448 18433 18122 39879 70852 86288 50393 41424 99139 69430 39111 4859 38228
3730 10
53438 71144 68549 12766 87049 77932 40837 86078 69943 54628
7344 16
77416 66432 90169 12714 8712 77088 22816 26817 10626 61206 3380 91488 48724 46076 36586 81481
3742 19
22010 98741 34927 57230 19787 93305 38617 40542 24138 39609 38515 12235 70768 90056 27890 10046 45008 53473 43408
974 19
50584 81788 36841 18860 95871 2107 8501 18023 29246 52218 90806 59834 5647 34577 44538 75170 50200 59541 81697
7124 17
50099 54052 84187 80820 33815 95164 78852 15534 84791 15911 72194 63152 43774 47497 66112 76659 11559
1750 19
18814 80077 97517 91723 91749 62902 74833 84480 70715 28733 68603 68908 10305 11023 7149 41618 54370 3419 44587
4413 20
20941 10327 3122 28378 49728 59260 7199 46770 14730 57058 20025 86589 84151 91694 32534 68090 37650 66666 7762 18639
7484 20
30428 6999 499 97413 33899 74915 24604 1233 33011 62288 51693 35042 94567 31262 83090 68859 13048 89053 80159 27513
2929 17
27465 27023 44911 38518 30469 38703 43243 46862 35499 81535 136 91547 58328 21993 70385 54481 87204
993 19
37640 5913 15551 93522 98506 73163 73605 65658 98571 82869 96099 1939 76936 61584 62743 3923 2896 81791 83276
3876 17
61517 83254 30773 48541 39365 82329 39322 60734 96222 80512 61376 74294 41615 32338 68830 8714 35264
8628 14
92518 10086 58598 90841 31738 19720 47784 78777 44180 72673 70325 25297 63623 15373
7164 19
16300 88532 51927 46932 93598 11034 22616 51026 11250 1665 26683 11969 92743 59655 89788 4667 15824 32675 43695
6020 19
38495 38747 65581 38092 37584 16329 6235 95373 7074 67998 25232 95225 141 35028 77779 46814 20367 55774 5209
3981 14
34633 47001 29189 15513 11556 21890 16378 53195 24824 8408 29157 4900 51948 28564
6258 20
49500 39742 18166 64880 80381 89297 99517 1626 78186 6905 91261 56382 52036 4743 40405 61990 79538 86338 18399 2681
6915 11
65488 39955 36036 74797 94434 5398 42644 29988 85197 71522 85422
9269 20
86757 20210 9353 50815 26347 23676 93686 96352 76753 23128 37052 29253 59944 26592 19235 95977 17441 16975 57458 22497
4893 12
28005 30989 75560 30105 93129 56984 77511 45773 96674 37160 4774 29853
8472 20
40905 96439 46723 37818 28863 71149 42765 52642 74540 99210 1120 47754 42883 88166 96632 87231 27105 15709 78122 31206
2798 18
62930 13972 5547 90997 55073 74714 25320 24639 58337 28463 39151 96876 7485 79291 3363 51701 2298 36023
5426 16
72585 5925 19950 48107 28081 75702 80817 89167 72459 51907 8856 68419 55517 80783 45328 94840
2469 8
60170 1645 27590 87765 57522 9735 67973 87022
5971 18
29132 22135 38344 22971 30555 74513 83747 37400 48281 66882 70249 29902 46878 26586 59170 89985 17058 33269
8736 19
21646 8865 94262 80692 49650 69455 33504 66827 33706 350 38512 16084 85576 11859 90079 60008 5591 24446 25964
9948 12
24599 90758 23869 74943 15301 10231 7578 78907 83858 60007 44866 55894
2195 20
79516 85567 21469 89775 67749 25329 64341 62410 42967 30283 21788 9115 59308 11111 13602 34559 462 53185 18650 31905
5639 20
83004 98037 9399 37394 54255 40505 56052 35423 36910 48368 34598 80119 47904 3492 93994 10915 5820 18113 6993 24597
2922 20
32682 30076 45653 19408 42405 88220 72829 26814 75524 16526 33656 9446 87058 33208 76311 72305 62828 40862 51794 53663
2548 17
32726 86711 57484 28728 32195 13294 33891 47803 86674 45656 75343 94111 84796 4499 79523 27691 52917
9564 17
78145 39193 32607 38194 65091 4400 3879 47827 70424 56167 77329 94564 87438 92259 89514 36491 69604
4631 18
80045 80217 9577 43970 49982 98260 49649 66446 52408 56132 15196 40434 85608 74390 6866 489 12505 63708
875 18
22879 69768 16430 83367 45012 34973 58702 25801 76351 19725 66502 7369 1076 50280 23244 24063 18696 31777
8301 19
42833 77553 60520 77403 8668 33035 59243 80421 56580 68204 25209 94550 23887 73315 93091 91618 79257 44378 79564
3050 14
7507 17096 20053 89911 80440 31709 57053 55851 50044 77035 63291 69020 14042 20139
9423 13
36085 22882 45286 49658 90895 87100 54992 5340 29518 73513 36838 23440 12736
9618 19
98375 59376 62769 22615 69299 62320 89076 82354 44304 98974 33397 50619 25482 8646 9983 2458 4238 94777 84855
2829 18
27028 91436 60182 74154 85080 9546 8252 41562 13207 97508 91369 85274 82823 97725 56084 85013 52043 96141
1154 19
76263 89411 4517 21593 94666 38244 68390 82830 33886 87964 22384 93107 44725 33249 45281 78403 13341 36558 10939
2235 18
18597 56327 81026 65586 75038 47269 39343 91372 60651 71171 90978 91502 94805 19971 4980 34107 31664 24426
8884 18
90230 59177 63572 26684 3550 11645 36919 20310 67226 96767 42053 82713 22326 12151 6991 55880 94654 68993
5280 19
25926 20382 33324 85492 82615 85419 23202 74762 43188 59088 54599 40099 13124 61687 24160 79446 7245 40635 18672
5878 19
24235 69799 76678 98054 26382 66952 54676 31596 99054 40835 77185 59590 44649 74694 560 37761 84287 3227 9243
264 20
73181 32309 59053 19188 58244 88161 99300 92154 51971 49444 43906 12083 22244 68055 99607 33829 25941 49927 26064 69178
401 19
76985 17057 5896 76566 56920 13170 58449 2236 54414 4749 45239 13769 26745 61483 75380 48257 37875 88244 20960
4709 15
47659 2950 48454 95146 2618 5092 99015 23260 21958 22896 56521 83375 32335 17018 99818
333 20
14167 66077 85210 54340 26728 17375 65703 77281 16094 98009 629 56452 42018 2253 22979 83552 28898 66274 43130 56312
8924 20
12031 37607 75238 70709 11531 35164 63884 4045 74346 94983 39946 96539 82408 19112 35280 43711 36417 18916 60589 3317
3205 20
30243 89005 34194 809 54008 48744 20758 78036 40700 96931 71591 56958 69207 76807 69228 42953 82634 72304 84068 67438
3629 19
21168 5750 51851 72472 64501 66715 5300 6044 12758 93128 99147 70113 88364 68531 4753 16242 26714 44889 24513
1812 19
90159 89310 81393 52135 40192 89741 97811 38890 66766 85113 78702 53322 87752 86931 87679 65584 26813 54479 78892
2253 20
47500 16297 89202 55119 89178 41436 25107 96855 15369 71521 225 16480 73192 77523 43078 40755 97419 15113 37203 92577
7330 19
64336 99326 62727 36096 62179 2640 28662 43214 1405 1190 50827 67048 73596 7272 46124 98435 93978 49032 82553
2137 18
70379 37854 56949 64790 14704 4572 44632 36726 75376 26245 46404 93795 56775 24477 75016 88626 23019 70737
2276 15
16594 88880 49600 40974 53887 39529 60061 28198 83080 75298 80809 50057 59168 43859 22235
1928 20
91387 30272 71206 13849 2137 50666 71220 56262 98559 37082 78401 28227 7612 16058 29389 9633 97196 35298 99276 83502
2497 15
65230 17597 10644 80191 81091 90565 30941 41298 89009 2357 95546 66535 33888 86828 11387
5117 16
81352 84432 8709 18535 3822 6466 4056 94198 57577 24745 99375 96074 47619 12315 23603 99343
4626 16
40041 93171 5871 59185 72668 43299 47208 61425 5799 55430 41373 31619 76669 47575 12639 27547
2935 18
79361 34906 75105 91478 37916 29005 89387 84668 37879 44126 89879 34047 94414 14544 7784 63695 68413 1992
2495 20
66336 26985 27764 47549 14896 65060 1722 45994 76494 22049 4707 68844 98988 36009 48434 86643 75157 92082 65423 86359
684 17
76599 59709 47959 96289 89530 3569 18534 62168 77143 76404 29962 7471 6642 90353 78566 17968 75396
9583 18
38361 30952 42148 25138 22618 91996 70184 83082 98534 84306 27934 65819 982 96922 3971 66941 11881 69681
2560 18
47035 50332 87694 47585 42077 98687 9355 3919 90653 30532 46678 23625 36243 53012 57157 54891 12033 61536
673 19
73053 37068 58881 17215 46508 72520 50079 96349 29444 44256 93437 59134 42583 92933 97092 20178 4694 74144 65306
2140 19
68277 11014 61889 51199 34067 21656 49034 96257 32349 74569 92186 1216 48255 44281 16729 31007 99635 53975 33375
8056 13
31110 63827 35890 3561 75487 45770 24457 19817 87430 34361 17128 96476 28167
6017 18
47062 81823 80407 27909 24947 46107 23138 908 13927 76080 90235 97607 96869 90217 99079 44017 36596 99549
2567 15
36475 71812 96810 20741 47761 8448 15997 18612 17752 63381 48742 72348 30691 72801 96368
532 17
40565 28371 79778 41915 91636 22798 86400 83846 44285 89500 4761 50729 92286 75534 9513 78986 55620
3318 13
76786 43084 69979 1598 61006 58059 15194 32281 86023 94732 45513 22250 80271
3764 18
51167 85103 69583 56429 71135 95518 6181 86064 75741 60695 26712 89748 84960 69806 33508 6290 76664 4642
733 18
79180 92724 39705 55817 92955 86454 49094 67770 13284 65928 10133 76251 80266 83833 95415 66261 27665 5837
1537 19
83836 48693 12074 77438 74527 97801 42729 10681 61374 87307 33275 37321 69114 17099 72268 54007 2729 6451 86409
6229 9
76302 75827 28422 81657 24198 14751 8106 10817 17584
5730 15
24823 17026 97370 15805 99539 7350 37474 63395 21283 34036 97162 5509 67271 69449 91283
2644 19
25465 76246 86827 8260 25096 53516 35291 84739 45494 57696 45285 35476 86734 21544 4356 6193 27945 43777 91944
8834 19
27790 26969 32461 94166 47838 28952 15140 20112 94079 24810 57592 17043 29971 73288 27208 66250 80124 69488 47536
3967 14
45867 5029 98150 3934 81836 65345 82439 78523 89256 37267 16002 78743 37839 9551
7555 11
80645 59433 9913 34991 98853 49271 33388 28735 93960 62262 31057
1331 15
69820 69818 38127 59676 12924 25333 72124 53581 3541 86946 81015 31281 41770 59974 82656
6350 20
91967 85008 12098 95651 74719 22137 90683 29478 88930 95079 29897 28244 13595 80162 77825 51631 91017 93115 48297 81013
2611 18
20379 72537 97483 2013 85641 57813 30014 35787 52184 29626 42207 20784 75980 71017 46689 55573 2252 70329
904 16
1135 16486 26397 97527 64466 62617 53568 86297 37057 44808 71323 90569 7538 24713 96928 28012
1659 13
6279 53843 75181 66551 60276 19804 50300 56181 17025 42808 55938 76475 35568
7533 18
22825 20309 49380 50358 12511 37097 32632 52756 46742 54296 52024 95154 70435 43745 69426 43403 87845 45926
9717 18
24005 49619 34430 89528 31613 8818 17131 80175 54700 81030 83029 53060 31011 80746 36358 87353 10492 85268
4040 20
82759 22430 11924 65694 21499 63898 45873 66779 96219 8867 52041 26095 98640 99214 67458 30424 14432 12231 34899 89659
1316 18
2024 8399 54062 76036 40854 47191 91966 42573 31724 11195 53426 67807 9602 16101 27652 88579 39821 16199
242 17
20744 36153 189 19002 23468 395 70018 45438 43269 89742 48235 10942 17280 86949 78106 10820 98978
8806 18
53684 68367 62452 16845 75719 72171 58071 37049 39730 38700 78327 15056 26433 29987 4637 4935 22017 40312
6924 19
71058 52515 321 21608 74778 914 11872 72342 79063 63846 85194 99091 17326 72444 35243 79444 74130 28224 437
6712 18
87917 28022 10214 14454 4014 60773 76611 15454 4260 36804 55337 62255 85203 8461 90135 82890 72059 21673
2802 20
50397 23499 96771 9668 8801 45811 22263 32041 24226 16711 84309 99840 82962 35866 99134 36731 50305 12886 25769 72496
1137 15
94733 49198 52467 23843 73122 32799 15617 53183 49964 181 41013 38498 89486 75813 86110
4188 18
55107 24790 78967 4685 65716 74653 48855 61295 3949 9443 98086 9776 42996 94512 53254 78816 40737 49469
4380 17
20565 20263 82752 43103 66833 52213 38621 93492 44273 11324 61185 42963 18963 5229 46072 45042 21474
2468 18
67246 15132 59586 22455 55111 48757 6745 76499 71515 58641 58943 82367 92160 64188 4270 97638 75860 44075
415 20
35379 51182 35870 89686 4159 81386 54775 23893 38207 51525 14555 31832 27588 20048 32142 48942 61405 5888 33165 16613
8964 20
35362 76338 96959 31142 17605 15675 97490 83880 80136 43860 80145 58163 4600 93683 75538 88448 9849 9673 53561 64755
2392 19
5874 45798 19690 38070 61950 20247 49985 24706 62322 50451 49173 27503 13110 61279 42608 9482 48016 60584 95757
868 19
24532 71352 20414 52243 47902 44131 17941 98580 50525 50252 89428 42156 55200 38056 4267 19436 48775 26508 4022
7666 19
57985 21917 59732 69744 10829 83744 71368 43543 72848 62577 23158 64442 4587 74893 67198 35764 12676 6528 7657
8521 19
64176 83416 49863 86004 86374 5922 3523 9525 52981 14317 66555 55003 92700 98065 53094 75115 6293 94592 72412
243 20
19979 33857 14463 40821 28617 90322 25516 34016 48340 91767 43824 22596 8039 67052 81411 66764 3667 4157 85694 27509
3246 16
85337 56250 92785 65762 60922 65952 17430 89760 16692 78963 47320 87941 57524 76156 64095 29981
6217 19
85806 11473 26532 45158 67029 3693 76904 69296 23486 31558 94618 24966 13626 42311 21660 12635 35640 39143 48716
1946 19
70491 45740 94673 81283 94057 16007 37602 59859 18216 26043 61933 5055 39379 72024 93984 43211 70889 6934 34940
293 16
89089 32085 1378 30919 15322 88008 35161 19233 74344 52805 98159 66807 21757 87656 46410 23028
1008 18
57938 78515 46188 13092 96445 51508 27054 27777 31576 49419 78428 2818 65480 52669 95842 84098 56557 16964
8154 19
31914 27950 34487 72355 38818 74864 9166 54153 60927 96609 2179 69752 3812 12247 9824 80683 23026 21478 7591
2126 19
91307 15433 24695 2994 83515 37437 39045 39158 5152 33272 46775 80042 18221 79908 75921 92653 6266 16653 14772
8910 19
61520 97575 43138 94724 92261 32055 87320 56663 4878 42750 55435 83365 35807 26215 22611 81603 19559 19798 13132
5239 19
96215 93034 98401 60165 84253 40472 72887 31060 60645 77807 77922 77815 48604 85295 32705 84030 20909 84346 99630
5873 19
51111 71845 52916 49162 80581 64148 25664 54746 72106 10884 31494 34432 30683 68214 76811 97334 11228 45383 26816
1766 19
53596 67168 24458 81273 52409 79777 72289 74387 61094 77826 69757 50775 13224 75892 6660 93776 75696 12421 554
3130 16
88641 56914 23567 26726 74193 74557 21113 79652 92289 51923 61595 31519 1414 82904 71423 16468
1642 11
60376 28992 27676 39035 40340 3529 44640 90029 33251 32091 80174
4401 15
13369 8449 55061 92631 10694 90009 53624 96546 176 12535 91057 27963 40054 66987 2498
2443 18
62886 36135 22643 52396 76796 89883 48055 76070 38444 50616 35445 46019 72255 3997 61228 85775 89581 44950
1379 19
40691 18061 99303 94194 50974 6759 79392 50975 29568 70157 13597 5584 98744 30402 54450 35731 91675 33885 26558
6054 9
4824 58795 69265 4114 19734 63110 15284 52082 61539
3015 19
55366 59103 18432 34807 34244 44696 84758 4840 45093 56574 10788 45619 12014 50932 62459 60802 61320 57506 32227
8902 17
33301 22675 45112 94621 22065 32830 18407 60157 38268 42818 24014 40132 39516 45574 96807 63862 31122
7585 16
52337 89139 57304 1813 31492 87122 48431 89855 15929 20683 56351 47330 22583 29629 68980 25213
8228 19
30958 16412 28481 36546 9793 95529 19384 85326 48280 64359 93087 71316 48211 6329 701 80453 88239 53566 83349
205 16
48013 59987 38482 66489 17610 89409 35266 36301 64997 5036 28752 22789 15899 54398 81965 85922
2250 14
38008 10297 87671 68845 14779 46943 19243 52198 54812 3417 3737 95542 84817 70257
7637 19
97166 81221 72436 63042 14319 64449 55467 90300 63221 3599 44301 13345 8429 28763 57007 81661 11312 76630 48679
4506 14
46480 38358 68459 32001 63107 98349 69560 48250 39993 93152 7121 5368 88297 9268
9182 19
58359 90879 44973 30453 93808 70878 31401 74689 85098 37440 70696 53019 95891 83200 90723 69375 22630 52385 58196
1679 14
51344 28976 19995 68538 25432 90049 91367 6282 57066 96725 77193 89694 72933 20174
7015 18
44443 54186 59319 38623 33156 39311 53688 35906 80565 95814 47361 94552 99265 4993 25739 92183 39789 26101
3846 19
76649 67435 76291 8076 82743 46483 93944 71346 75070 21906 2396 22221 4354 63839 62066 66810 32416 3956 46091
3597 15
30212 95110 15572 44464 11413 10118 37962 76133 26650 84345 90342 12667 73670 55285 59146
7557 19
31883 98991 45739 56578 86238 89518 40655 4837 38895 61791 39949 82235 71193 75834 6468 90708 23140 31895 21062
5397 16
53613 46379 25888 53554 78555 3816 98963 53189 54150 71639 27789 5699 77282 94475 15078 73351
3202 12
40153 53811 77943 85328 40329 14449 78302 62991 91975 34677 33477 22439
9805 19
205 53462 25462 3203 77204 55021 34639 60084 63350 85938 64975 69928 20438 82251 30928 61658 57977 23730 30299
2995 16
21413 74081 1247 34544 52146 9318 19261 18246 57138 30202 52134 19577 30414 5441 84242 5274
2440 12
36019 32503 17250 95621 29022 52280 48961 273 51054 38466 44569 95859
3091 13
90370 33403 33875 78266 8607 29249 64373 30466 11278 50612 37800 86977 57247
3940 16
86701 97083 95469 46368 21728 93821 58153 81194 49524 31355 99161 82599 37621 30845 13590 94706
6132 20
99616 70159 78304 91995 22965 35404 31537 49399 3129 98166 7367 31414 82418 24486 53964 86473 72999 51697 26482 70814
3490 17
36562 47025 28515 28574 9042 63597 26325 38819 90057 9197 523 53819 16656 25948 73667 42799 26137
4855 19
21275 49002 1671 85241 54726 96302 96900 61253 51015 44135 42704 60112 48909 